#truck 1
1 13500 2450 2450 20411 10432 914 9979 12716 32
#pallet
1 1200 800 145 25
#demand 40
1 1 1774
2 2 2226
3 3 2065
4 4 1935
5 5 2178
6 6 1822
7 7 1817
8 8 2183
9 9 1970
10 10 2030
11 1 1958
12 2 2042
13 3 2247
14 4 1753
15 5 2004
16 6 1996
17 7 2153
18 8 1847
19 9 1803
20 10 2197
21 1 1984
22 2 2016
23 3 1948
24 4 2052
25 5 1979
26 6 2021
27 7 2190
28 8 1810
29 9 2023
30 10 1977
31 1 1764
32 2 2236
33 3 1912
34 4 2088
35 5 1845
36 6 2155
37 7 1781
38 8 2219
39 9 1955
40 10 2045
#distances 10 10
0	1311	918	987	1240	1531	910	681	861	1044	1479
1311	0	575	361	1127	1508	607	671	686	607	1317
918	575	0	243	644	1040	34	543	112	151	882
987	361	243	0	873	1268	277	437	347	339	1099
1240	1127	644	873	0	397	615	1150	575	538	255
1531	1508	1040	1268	397	0	1010	1535	967	932	206
910	607	34	277	615	1010	0	562	80	143	855
681	671	543	437	1150	1535	562	0	580	692	1400
861	686	112	347	575	967	80	580	0	184	822
1044	607	151	339	538	932	143	692	184	0	760
1479	1317	882	1099	255	206	855	1400	822	760	0
