#truck 1
1 13500 2450 2450 20411 10432 914 9979 12716 32
#pallet
1 1200 800 145 25
#demand 120
1 1 606
2 2 694
3 3 960
4 4 340
5 5 866
6 6 434
7 7 670
8 8 630
9 9 928
10 10 372
11 1 694
12 2 606
13 3 468
14 4 832
15 5 577
16 6 723
17 7 949
18 8 351
19 9 661
20 10 639
21 1 476
22 2 824
23 3 457
24 4 843
25 5 703
26 6 597
27 7 994
28 8 306
29 9 392
30 10 908
31 1 320
32 2 980
33 3 841
34 4 459
35 5 572
36 6 728
37 7 619
38 8 681
39 9 860
40 10 440
41 1 697
42 2 603
43 3 604
44 4 696
45 5 516
46 6 784
47 7 938
48 8 362
49 9 347
50 10 953
51 1 804
52 2 496
53 3 358
54 4 942
55 5 882
56 6 418
57 7 338
58 8 962
59 9 586
60 10 714
61 1 689
62 2 611
63 3 796
64 4 504
65 5 808
66 6 492
67 7 774
68 8 526
69 9 385
70 10 915
71 1 694
72 2 606
73 3 667
74 4 633
75 5 638
76 6 662
77 7 530
78 8 770
79 9 312
80 10 988
81 1 482
82 2 818
83 3 558
84 4 742
85 5 541
86 6 759
87 7 956
88 8 344
89 9 313
90 10 987
91 1 318
92 2 982
93 3 513
94 4 787
95 5 488
96 6 812
97 7 479
98 8 821
99 9 571
100 10 729
101 1 586
102 2 714
103 3 402
104 4 898
105 5 556
106 6 744
107 7 664
108 8 636
109 9 560
110 10 740
111 1 823
112 2 477
113 3 538
114 4 762
115 5 432
116 6 868
117 7 988
118 8 312
119 9 896
120 10 404
#distances 10 10
0	1311	918	987	1240	1531	910	681	861	1044	1479
1311	0	575	361	1127	1508	607	671	686	607	1317
918	575	0	243	644	1040	34	543	112	151	882
987	361	243	0	873	1268	277	437	347	339	1099
1240	1127	644	873	0	397	615	1150	575	538	255
1531	1508	1040	1268	397	0	1010	1535	967	932	206
910	607	34	277	615	1010	0	562	80	143	855
681	671	543	437	1150	1535	562	0	580	692	1400
861	686	112	347	575	967	80	580	0	184	822
1044	607	151	339	538	932	143	692	184	0	760
1479	1317	882	1099	255	206	855	1400	822	760	0
