#truck 1
1 13500 2450 2450 20411 10432 914 9979 12716 32
#pallet
1 1200 800 145 25
#demand 40
1 1 1738
2 1 2262
3 1 1790
4 1 2210
5 1 2047
6 2 1953
7 2 1819
8 2 2181
9 3 1766
10 3 2234
11 3 1779
12 3 2221
13 3 2125
14 4 1875
15 4 2156
16 4 1844
17 4 1907
18 5 2093
19 5 1978
20 5 2022
21 5 2156
22 6 1844
23 6 2072
24 7 1928
25 7 1770
26 7 2230
27 7 1983
28 7 2017
29 7 1944
30 8 2056
31 8 2157
32 8 1843
33 8 1816
34 9 2184
35 9 2199
36 10 1801
37 10 1706
38 10 2294
39 10 1957
40 10 2043
#distances 10 10
0	1311	918	987	1240	1531	910	681	861	1044	1479
1311	0	575	361	1127	1508	607	671	686	607	1317
918	575	0	243	644	1040	34	543	112	151	882
987	361	243	0	873	1268	277	437	347	339	1099
1240	1127	644	873	0	397	615	1150	575	538	255
1531	1508	1040	1268	397	0	1010	1535	967	932	206
910	607	34	277	615	1010	0	562	80	143	855
681	671	543	437	1150	1535	562	0	580	692	1400
861	686	112	347	575	967	80	580	0	184	822
1044	607	151	339	538	932	143	692	184	0	760
1479	1317	882	1099	255	206	855	1400	822	760	0
