#truck 1
1 13500 2450 2450 20411 10432 914 9979 12716 32
#pallet
1 1200 800 145 25
#demand 80
1 1 1276
2 1 724
3 1 930
4 1 1070
5 1 932
6 2 1068
7 2 922
8 2 1078
9 2 1195
10 2 805
11 2 1109
12 2 891
13 2 1219
14 2 781
15 2 778
16 2 1222
17 3 944
18 3 1056
19 3 886
20 3 1114
21 3 1120
22 3 880
23 3 1009
24 3 991
25 3 1105
26 3 895
27 4 914
28 4 1086
29 4 945
30 4 1055
31 4 845
32 4 1155
33 4 805
34 4 1195
35 4 720
36 4 1280
37 5 1105
38 5 895
39 5 990
40 5 1010
41 5 1252
42 6 748
43 6 929
44 6 1071
45 6 946
46 6 1054
47 6 1049
48 6 951
49 6 967
50 6 1033
51 6 1195
52 7 805
53 7 896
54 7 1104
55 7 806
56 7 1194
57 7 1269
58 7 731
59 8 1125
60 8 875
61 8 1132
62 8 868
63 8 964
64 8 1036
65 8 879
66 8 1121
67 9 873
68 9 1127
69 9 930
70 9 1070
71 9 896
72 9 1104
73 9 894
74 10 1106
75 10 1068
76 10 932
77 10 842
78 10 1158
79 10 768
80 10 1232
#distances 10 10
0	1311	918	987	1240	1531	910	681	861	1044	1479
1311	0	575	361	1127	1508	607	671	686	607	1317
918	575	0	243	644	1040	34	543	112	151	882
987	361	243	0	873	1268	277	437	347	339	1099
1240	1127	644	873	0	397	615	1150	575	538	255
1531	1508	1040	1268	397	0	1010	1535	967	932	206
910	607	34	277	615	1010	0	562	80	143	855
681	671	543	437	1150	1535	562	0	580	692	1400
861	686	112	347	575	967	80	580	0	184	822
1044	607	151	339	538	932	143	692	184	0	760
1479	1317	882	1099	255	206	855	1400	822	760	0
