#truck 1
1 13500 2450 2450 20411 10432 914 9979 12716 32
#pallet
1 1200 800 145 25
#demand 120
1 1 898
2 1 402
3 1 851
4 1 449
5 1 925
6 1 375
7 1 987
8 1 313
9 1 763
10 1 537
11 2 384
12 2 916
13 2 426
14 2 874
15 2 626
16 2 674
17 2 454
18 2 846
19 2 502
20 2 798
21 2 471
22 2 829
23 3 562
24 3 738
25 3 423
26 3 877
27 3 983
28 3 317
29 3 435
30 3 865
31 3 754
32 3 546
33 3 822
34 3 478
35 3 691
36 3 609
37 4 321
38 4 979
39 4 683
40 4 617
41 4 487
42 4 813
43 4 780
44 4 520
45 4 893
46 4 407
47 4 541
48 4 759
49 4 423
50 4 877
51 4 361
52 5 939
53 5 532
54 5 768
55 6 943
56 6 357
57 6 681
58 6 619
59 6 579
60 6 721
61 6 863
62 6 437
63 6 849
64 6 451
65 6 894
66 7 406
67 7 705
68 7 595
69 7 423
70 7 877
71 7 998
72 7 302
73 7 570
74 7 730
75 7 928
76 7 372
77 7 402
78 7 898
79 7 611
80 7 689
81 7 423
82 7 877
83 7 790
84 7 510
85 8 648
86 8 652
87 8 503
88 8 797
89 8 345
90 8 955
91 8 332
92 8 968
93 8 333
94 8 967
95 8 822
96 8 478
97 8 736
98 8 564
99 8 810
100 9 490
101 9 356
102 9 944
103 9 488
104 9 812
105 9 331
106 9 969
107 9 353
108 9 947
109 9 954
110 9 346
111 9 689
112 9 611
113 9 561
114 9 739
115 9 799
116 10 501
117 10 421
118 10 879
119 10 430
120 10 870
#distances 10 10
0	1311	918	987	1240	1531	910	681	861	1044	1479
1311	0	575	361	1127	1508	607	671	686	607	1317
918	575	0	243	644	1040	34	543	112	151	882
987	361	243	0	873	1268	277	437	347	339	1099
1240	1127	644	873	0	397	615	1150	575	538	255
1531	1508	1040	1268	397	0	1010	1535	967	932	206
910	607	34	277	615	1010	0	562	80	143	855
681	671	543	437	1150	1535	562	0	580	692	1400
861	686	112	347	575	967	80	580	0	184	822
1044	607	151	339	538	932	143	692	184	0	760
1479	1317	882	1099	255	206	855	1400	822	760	0
