#truck 1
1 13500 2450 2450 20411 10432 914 9979 12716 32
#pallet
1 1200 800 145 25
#demand 80
1 1 327
2 1 1673
3 1 462
4 1 1538
5 1 897
6 1 1103
7 1 576
8 1 1424
9 1 694
10 1 1306
11 1 1440
12 1 560
13 1 840
14 1 1160
15 2 447
16 2 1553
17 2 1110
18 2 890
19 2 1164
20 2 836
21 2 825
22 2 1175
23 2 1015
24 2 985
25 2 723
26 2 1277
27 2 898
28 2 1102
29 2 458
30 2 1542
31 2 890
32 2 1110
33 3 774
34 3 1226
35 3 504
36 3 1496
37 3 1579
38 3 421
39 3 1109
40 3 891
41 3 679
42 3 1321
43 3 710
44 3 1290
45 3 298
46 3 1702
47 3 1880
48 3 120
49 3 1451
50 3 549
51 3 969
52 3 1031
53 3 1314
54 3 686
55 3 1112
56 4 888
57 4 582
58 4 1418
59 4 1170
60 4 830
61 4 876
62 4 1124
63 4 1190
64 4 810
65 4 1657
66 4 343
67 4 984
68 4 1016
69 4 534
70 4 1466
71 4 286
72 4 1714
73 5 603
74 5 1397
75 5 1510
76 5 490
77 5 1151
78 5 849
79 5 403
80 5 1597
#distances 5 5
0	1311	918	987	1240	1531
1311	0	575	361	1127	1508
918	575	0	243	644	1040
987	361	243	0	873	1268
1240	1127	644	873	0	397
1531	1508	1040	1268	397	0
