#truck 1
1 13500 2450 2450 20411 10432 914 9979 12716 32
#pallet
1 1200 800 145 25
#demand 80
1 1 948
2 1 1052
3 1 890
4 1 1110
5 1 751
6 1 1249
7 1 788
8 1 1212
9 1 1220
10 1 780
11 1 1173
12 1 827
13 1 1085
14 1 915
15 1 1166
16 2 834
17 2 1188
18 2 812
19 2 936
20 2 1064
21 2 1259
22 2 741
23 2 936
24 2 1064
25 2 707
26 2 1293
27 2 846
28 2 1154
29 3 1264
30 3 736
31 3 1074
32 3 926
33 3 956
34 3 1044
35 3 1057
36 3 943
37 3 1064
38 4 936
39 4 1063
40 4 937
41 4 812
42 4 1188
43 4 738
44 4 1262
45 4 883
46 4 1117
47 4 1208
48 4 792
49 4 972
50 4 1028
51 4 728
52 4 1272
53 4 839
54 4 1161
55 4 860
56 4 1140
57 4 908
58 4 1092
59 4 845
60 4 1155
61 4 881
62 4 1119
63 4 1283
64 4 717
65 4 750
66 5 1250
67 5 1225
68 5 775
69 5 792
70 5 1208
71 5 1276
72 5 724
73 5 930
74 5 1070
75 5 932
76 5 1068
77 5 922
78 5 1078
79 5 1195
80 5 805
#distances 5 5
0	1311	918	987	1240	1531
1311	0	575	361	1127	1508
918	575	0	243	644	1040
987	361	243	0	873	1268
1240	1127	644	873	0	397
1531	1508	1040	1268	397	0
