#truck 1
1 13500 2450 2450 20411 10432 914 9979 12716 32
#pallet
1 1200 800 145 25
#demand 80
1 1 774
2 2 1226
3 3 1065
4 4 935
5 5 1178
6 1 822
7 2 817
8 3 1183
9 4 970
10 5 1030
11 1 958
12 2 1042
13 3 1247
14 4 753
15 5 1004
16 1 996
17 2 1153
18 3 847
19 4 803
20 5 1197
21 1 984
22 2 1016
23 3 948
24 4 1052
25 5 979
26 1 1021
27 2 1190
28 3 810
29 4 1023
30 5 977
31 1 764
32 2 1236
33 3 912
34 4 1088
35 5 845
36 1 1155
37 2 781
38 3 1219
39 4 955
40 5 1045
41 1 1084
42 2 916
43 3 1151
44 4 849
45 5 727
46 1 1273
47 2 967
48 3 1033
49 4 908
50 5 1092
51 1 1280
52 2 720
53 3 972
54 4 1028
55 5 748
56 1 1252
57 2 930
58 3 1070
59 4 744
60 5 1256
61 1 939
62 2 1061
63 3 861
64 4 1139
65 5 950
66 1 1050
67 2 889
68 3 1111
69 4 838
70 5 1162
71 1 702
72 2 1298
73 3 1245
74 4 755
75 5 1062
76 1 938
77 2 1116
78 3 884
79 4 1019
80 5 981
#distances 5 5
0	1311	918	987	1240	1531
1311	0	575	361	1127	1508
918	575	0	243	644	1040
987	361	243	0	873	1268
1240	1127	644	873	0	397
1531	1508	1040	1268	397	0
