#truck 1
1 13500 2450 2450 20411 10432 914 9979 12716 32
#pallet
1 1200 800 145 25
#demand 40
1 1 1725
2 1 2275
3 1 2164
4 1 1836
5 1 2132
6 1 1868
7 1 1909
8 1 2091
9 1 2167
10 1 1833
11 1 2014
12 2 1986
13 2 1854
14 2 2146
15 2 2203
16 2 1797
17 2 2121
18 2 1879
19 3 1849
20 3 2151
21 3 1913
22 3 2087
23 3 2198
24 3 1802
25 3 2180
26 4 1820
27 4 2141
28 5 1859
29 5 1960
30 5 2040
31 5 2120
32 5 1880
33 5 2033
34 5 1967
35 5 2248
36 5 1752
37 5 1989
38 5 2011
39 5 1985
40 5 2015
#distances 5 5
0	1311	918	987	1240	1531
1311	0	575	361	1127	1508
918	575	0	243	644	1040
987	361	243	0	873	1268
1240	1127	644	873	0	397
1531	1508	1040	1268	397	0
