#truck 1
1 13500 2450 2450 20411 10432 914 9979 12716 32
#pallet
1 1200 800 145 25
#demand 80
1 1 774
2 1 1226
3 1 885
4 1 1115
5 1 1059
6 1 941
7 1 902
8 1 1098
9 1 1089
10 1 911
11 1 1282
12 1 718
13 1 1003
14 1 997
15 1 1061
16 1 939
17 1 1136
18 1 864
19 1 1144
20 1 856
21 1 1168
22 1 832
23 1 1227
24 1 773
25 1 753
26 2 1247
27 2 896
28 2 1104
29 2 1275
30 2 725
31 2 992
32 2 1008
33 2 989
34 2 1011
35 2 882
36 2 1118
37 2 797
38 2 1203
39 3 1167
40 3 833
41 3 822
42 3 1178
43 3 1169
44 3 831
45 3 707
46 3 1293
47 3 946
48 3 1054
49 3 1078
50 3 922
51 3 717
52 3 1283
53 3 1187
54 3 813
55 3 706
56 3 1294
57 3 1276
58 4 724
59 4 1199
60 4 801
61 4 1186
62 4 814
63 4 1104
64 4 896
65 4 1004
66 4 996
67 4 722
68 5 1278
69 5 866
70 5 1134
71 5 1141
72 5 859
73 5 992
74 5 1008
75 5 1004
76 5 996
77 5 1261
78 5 739
79 5 953
80 5 1047
#distances 5 5
0	1311	918	987	1240	1531
1311	0	575	361	1127	1508
918	575	0	243	644	1040
987	361	243	0	873	1268
1240	1127	644	873	0	397
1531	1508	1040	1268	397	0
