#truck 1
1 13500 2450 2450 20411 10432 914 9979 12716 32
#pallet
1 1200 800 145 25
#demand 60
1 1 205
2 1 1795
3 1 1779
4 1 221
5 2 1001
6 2 999
7 2 784
8 2 1216
9 2 1561
10 2 439
11 2 888
12 2 1112
13 3 664
14 3 1336
15 3 222
16 3 1778
17 3 1240
18 3 760
19 4 1774
20 4 226
21 4 999
22 4 1001
23 4 1103
24 4 897
25 4 434
26 4 1566
27 4 1482
28 5 518
29 5 1823
30 5 177
31 5 1652
32 5 348
33 5 128
34 5 1872
35 5 1871
36 5 129
37 6 1465
38 6 535
39 6 1897
40 6 103
41 6 1569
42 6 431
43 6 184
44 7 1816
45 7 462
46 7 1538
47 7 1171
48 7 829
49 7 627
50 7 1373
51 7 1355
52 7 645
53 8 1039
54 8 961
55 8 1788
56 8 212
57 9 1651
58 9 349
59 10 1114
60 10 886
#distances 10 10
0	1311	918	987	1240	1531	910	681	861	1044	1479
1311	0	575	361	1127	1508	607	671	686	607	1317
918	575	0	243	644	1040	34	543	112	151	882
987	361	243	0	873	1268	277	437	347	339	1099
1240	1127	644	873	0	397	615	1150	575	538	255
1531	1508	1040	1268	397	0	1010	1535	967	932	206
910	607	34	277	615	1010	0	562	80	143	855
681	671	543	437	1150	1535	562	0	580	692	1400
861	686	112	347	575	967	80	580	0	184	822
1044	607	151	339	538	932	143	692	184	0	760
1479	1317	882	1099	255	206	855	1400	822	760	0
