#truck 1
1 13500 2450 2450 20411 10432 914 9979 12716 32
#pallet
1 1200 800 145 25
#demand 60
1 1 248
2 1 1752
3 1 418
4 1 1582
5 1 1611
6 1 389
7 1 711
8 1 1289
9 1 194
10 2 1806
11 3 715
12 4 1285
13 4 484
14 4 1516
15 5 1369
16 5 631
17 5 1607
18 5 393
19 5 749
20 6 1251
21 6 737
22 6 1263
23 6 842
24 6 1158
25 6 844
26 6 1156
27 7 956
28 7 1044
29 7 1197
30 7 803
31 7 174
32 8 1826
33 8 927
34 8 1073
35 8 1795
36 8 205
37 8 594
38 8 1406
39 8 1860
40 8 140
41 9 1574
42 9 426
43 9 1635
44 9 365
45 9 1382
46 9 618
47 9 1146
48 9 854
49 9 157
50 9 1843
51 10 519
52 10 1481
53 10 1900
54 10 100
55 10 1620
56 10 380
57 10 329
58 10 1671
59 10 1459
60 10 541
#distances 10 10
0	1311	918	987	1240	1531	910	681	861	1044	1479
1311	0	575	361	1127	1508	607	671	686	607	1317
918	575	0	243	644	1040	34	543	112	151	882
987	361	243	0	873	1268	277	437	347	339	1099
1240	1127	644	873	0	397	615	1150	575	538	255
1531	1508	1040	1268	397	0	1010	1535	967	932	206
910	607	34	277	615	1010	0	562	80	143	855
681	671	543	437	1150	1535	562	0	580	692	1400
861	686	112	347	575	967	80	580	0	184	822
1044	607	151	339	538	932	143	692	184	0	760
1479	1317	882	1099	255	206	855	1400	822	760	0
