#truck 1
1 13500 2450 2450 20411 10432 914 9979 12716 32
#pallet
1 1200 800 145 25
#demand 60
1 1 744
2 2 1256
3 3 270
4 4 1730
5 5 1259
6 6 741
7 7 982
8 8 1018
9 9 1437
10 10 563
11 1 846
12 2 1154
13 3 1632
14 4 368
15 5 1358
16 6 642
17 7 702
18 8 1298
19 9 1173
20 10 827
21 1 1893
22 2 107
23 3 517
24 4 1483
25 5 1792
26 6 208
27 7 258
28 8 1742
29 9 1607
30 10 393
31 1 1380
32 2 620
33 3 1293
34 4 707
35 5 1532
36 6 468
37 7 127
38 8 1873
39 9 486
40 10 1514
41 1 1402
42 2 598
43 3 1176
44 4 824
45 5 1018
46 6 982
47 7 1235
48 8 765
49 9 834
50 10 1166
51 1 1537
52 2 463
53 3 895
54 4 1105
55 5 741
56 6 1259
57 7 764
58 8 1236
59 9 645
60 10 1355
#distances 10 10
0	1311	918	987	1240	1531	910	681	861	1044	1479
1311	0	575	361	1127	1508	607	671	686	607	1317
918	575	0	243	644	1040	34	543	112	151	882
987	361	243	0	873	1268	277	437	347	339	1099
1240	1127	644	873	0	397	615	1150	575	538	255
1531	1508	1040	1268	397	0	1010	1535	967	932	206
910	607	34	277	615	1010	0	562	80	143	855
681	671	543	437	1150	1535	562	0	580	692	1400
861	686	112	347	575	967	80	580	0	184	822
1044	607	151	339	538	932	143	692	184	0	760
1479	1317	882	1099	255	206	855	1400	822	760	0
