#truck 1
1 13500 2450 2450 20411 10432 914 9979 12716 32
#pallet
1 1200 800 145 25
#demand 80
1 1 1074
2 1 926
3 1 956
4 1 1044
5 1 1057
6 1 943
7 2 1064
8 2 936
9 2 1063
10 2 937
11 2 812
12 3 1188
13 3 738
14 3 1262
15 3 883
16 3 1117
17 4 1208
18 4 792
19 4 972
20 4 1028
21 4 728
22 4 1272
23 4 839
24 5 1161
25 5 860
26 5 1140
27 5 908
28 5 1092
29 6 845
30 6 1155
31 7 881
32 7 1119
33 8 1283
34 8 717
35 8 750
36 8 1250
37 8 1225
38 8 775
39 8 792
40 8 1208
41 9 1276
42 9 724
43 9 930
44 9 1070
45 9 932
46 10 1068
47 10 922
48 10 1078
49 10 1195
50 10 805
51 10 1109
52 10 891
53 11 1219
54 11 781
55 11 778
56 11 1222
57 11 944
58 11 1056
59 11 886
60 12 1114
61 12 1120
62 13 880
63 13 1009
64 13 991
65 14 1105
66 14 895
67 14 914
68 14 1086
69 14 945
70 14 1055
71 14 845
72 15 1155
73 15 805
74 15 1195
75 15 720
76 15 1280
77 15 1105
78 15 895
79 15 990
80 15 1010
#distances 15 15
0	1311	918	987	1240	1531	910	681	861	1044	1479	1013	1001	961	1634	697
1311	0	575	361	1127	1508	607	671	686	607	1317	309	556	558	571	641
918	575	0	243	644	1040	34	543	112	151	882	318	86	44	721	271
987	361	243	0	873	1268	277	437	347	339	1099	76	264	245	688	293
1240	1127	644	873	0	397	615	1150	575	538	255	946	610	631	918	854
1531	1508	1040	1268	397	0	1010	1535	967	932	206	1341	1005	1027	1216	1239
910	607	34	277	615	1010	0	562	80	143	855	351	93	59	735	282
681	671	543	437	1150	1535	562	0	580	692	1400	422	616	576	1121	297
861	686	112	347	575	967	80	580	0	184	822	421	162	137	799	286
1044	607	151	339	538	932	143	692	184	0	760	411	80	116	621	421
1479	1317	882	1099	255	206	855	1400	822	760	0	1170	837	863	1011	1104
1013	309	318	76	946	1341	351	422	421	411	1170	0	337	319	701	333
1001	556	86	264	610	1005	93	616	162	80	837	337	0	43	643	354
961	558	44	245	631	1027	59	576	137	116	863	319	43	0	679	311
1634	571	721	688	918	1216	735	1121	799	621	1011	701	643	679	0	949
697	641	271	293	854	1239	282	297	286	421	1104	333	354	311	949	0
