#truck 1
1 13500 2450 2450 20411 10432 914 9979 12716 32
#pallet
1 1200 800 145 25
#demand 60
1 1 340
2 1 960
3 1 930
4 1 370
5 1 726
6 1 574
7 1 731
8 1 569
9 1 699
10 1 601
11 2 302
12 2 998
13 2 835
14 2 465
15 2 988
16 2 312
17 2 548
18 3 752
19 3 316
20 3 984
21 3 806
22 3 494
23 3 456
24 3 844
25 3 359
26 3 941
27 3 864
28 3 436
29 3 912
30 3 388
31 3 417
32 3 883
33 3 913
34 3 387
35 3 538
36 3 762
37 3 631
38 3 669
39 4 493
40 4 807
41 4 362
42 4 938
43 4 793
44 4 507
45 4 387
46 4 913
47 4 546
48 4 754
49 4 983
50 5 317
51 5 954
52 5 346
53 5 459
54 5 841
55 5 838
56 5 462
57 5 798
58 5 502
59 5 889
60 5 411
#distances 5 5
0	1311	918	987	1240	1531
1311	0	575	361	1127	1508
918	575	0	243	644	1040
987	361	243	0	873	1268
1240	1127	644	873	0	397
1531	1508	1040	1268	397	0
