#truck 1
1 13500 2450 2450 20411 10432 914 9979 12716 32
#pallet
1 1200 800 145 25
#demand 40
1 1 867
2 2 1133
3 3 767
4 4 1233
5 5 1082
6 6 918
7 7 969
8 8 1031
9 9 1100
10 10 900
11 1 1253
12 2 747
13 3 1282
14 4 718
15 5 892
16 6 1108
17 7 1254
18 8 746
19 9 833
20 10 1167
21 1 966
22 2 1034
23 3 1285
24 4 715
25 5 1081
26 6 919
27 7 1178
28 8 822
29 9 1159
30 10 841
31 1 855
32 2 1145
33 3 1173
34 4 827
35 5 1029
36 6 971
37 7 977
38 8 1023
39 9 1108
40 10 892
#distances 10 10
0	1311	918	987	1240	1531	910	681	861	1044	1479
1311	0	575	361	1127	1508	607	671	686	607	1317
918	575	0	243	644	1040	34	543	112	151	882
987	361	243	0	873	1268	277	437	347	339	1099
1240	1127	644	873	0	397	615	1150	575	538	255
1531	1508	1040	1268	397	0	1010	1535	967	932	206
910	607	34	277	615	1010	0	562	80	143	855
681	671	543	437	1150	1535	562	0	580	692	1400
861	686	112	347	575	967	80	580	0	184	822
1044	607	151	339	538	932	143	692	184	0	760
1479	1317	882	1099	255	206	855	1400	822	760	0
