#truck 1
1 13500 2450 2450 20411 10432 914 9979 12716 32
#pallet
1 1200 800 145 25
#demand 60
1 1 549
2 2 751
3 3 822
4 4 478
5 5 361
6 6 939
7 7 614
8 8 686
9 9 412
10 10 888
11 1 572
12 2 728
13 3 578
14 4 722
15 5 831
16 6 469
17 7 788
18 8 512
19 9 583
20 10 717
21 1 402
22 2 898
23 3 938
24 4 362
25 5 814
26 6 486
27 7 852
28 8 448
29 9 830
30 10 470
31 1 621
32 2 679
33 3 759
34 4 541
35 5 579
36 6 721
37 7 703
38 8 597
39 9 322
40 10 978
41 1 684
42 2 616
43 3 631
44 4 669
45 5 996
46 6 304
47 7 958
48 8 342
49 9 328
50 10 972
51 1 813
52 2 487
53 3 411
54 4 889
55 5 986
56 6 314
57 7 439
58 8 861
59 9 319
60 10 981
#distances 10 10
0	1311	918	987	1240	1531	910	681	861	1044	1479
1311	0	575	361	1127	1508	607	671	686	607	1317
918	575	0	243	644	1040	34	543	112	151	882
987	361	243	0	873	1268	277	437	347	339	1099
1240	1127	644	873	0	397	615	1150	575	538	255
1531	1508	1040	1268	397	0	1010	1535	967	932	206
910	607	34	277	615	1010	0	562	80	143	855
681	671	543	437	1150	1535	562	0	580	692	1400
861	686	112	347	575	967	80	580	0	184	822
1044	607	151	339	538	932	143	692	184	0	760
1479	1317	882	1099	255	206	855	1400	822	760	0
