#truck 1
1 13500 2450 2450 20411 10432 914 9979 12716 32
#pallet
1 1200 800 145 25
#demand 60
1 1 896
2 1 404
3 2 894
4 2 406
5 2 684
6 2 616
7 3 822
8 3 478
9 3 441
10 3 859
11 3 822
12 3 478
13 3 808
14 4 492
15 4 830
16 4 470
17 4 743
18 4 557
19 4 461
20 4 839
21 5 459
22 5 841
23 5 393
24 5 907
25 5 981
26 5 319
27 6 554
28 6 746
29 6 593
30 6 707
31 6 713
32 6 587
33 7 380
34 7 920
35 7 442
36 7 858
37 7 698
38 7 602
39 7 742
40 8 558
41 8 746
42 8 554
43 8 489
44 8 811
45 8 560
46 8 740
47 9 949
48 9 351
49 9 982
50 9 318
51 9 430
52 9 870
53 10 550
54 10 750
55 10 729
56 10 571
57 10 535
58 10 765
59 10 990
60 10 310
#distances 10 10
0	1311	918	987	1240	1531	910	681	861	1044	1479
1311	0	575	361	1127	1508	607	671	686	607	1317
918	575	0	243	644	1040	34	543	112	151	882
987	361	243	0	873	1268	277	437	347	339	1099
1240	1127	644	873	0	397	615	1150	575	538	255
1531	1508	1040	1268	397	0	1010	1535	967	932	206
910	607	34	277	615	1010	0	562	80	143	855
681	671	543	437	1150	1535	562	0	580	692	1400
861	686	112	347	575	967	80	580	0	184	822
1044	607	151	339	538	932	143	692	184	0	760
1479	1317	882	1099	255	206	855	1400	822	760	0
