#truck 1
1 13500 2450 2450 20411 10432 914 9979 12716 32
#pallet
1 1200 800 145 25
#demand 60
1 1 756
2 1 544
3 1 691
4 1 609
5 1 456
6 1 844
7 1 589
8 1 711
9 1 623
10 2 677
11 2 680
12 2 620
13 2 485
14 2 815
15 2 873
16 2 427
17 3 690
18 3 610
19 4 738
20 4 562
21 4 965
22 4 335
23 4 439
24 5 861
25 5 609
26 6 691
27 6 551
28 6 749
29 6 468
30 7 832
31 7 377
32 7 923
33 7 860
34 7 440
35 7 962
36 7 338
37 7 769
38 8 531
39 8 970
40 8 330
41 8 819
42 8 481
43 8 443
44 8 857
45 8 789
46 8 511
47 8 612
48 9 688
49 9 675
50 9 625
51 9 730
52 9 570
53 10 645
54 10 655
55 10 965
56 10 335
57 10 515
58 10 785
59 10 547
60 10 753
#distances 10 10
0	1311	918	987	1240	1531	910	681	861	1044	1479
1311	0	575	361	1127	1508	607	671	686	607	1317
918	575	0	243	644	1040	34	543	112	151	882
987	361	243	0	873	1268	277	437	347	339	1099
1240	1127	644	873	0	397	615	1150	575	538	255
1531	1508	1040	1268	397	0	1010	1535	967	932	206
910	607	34	277	615	1010	0	562	80	143	855
681	671	543	437	1150	1535	562	0	580	692	1400
861	686	112	347	575	967	80	580	0	184	822
1044	607	151	339	538	932	143	692	184	0	760
1479	1317	882	1099	255	206	855	1400	822	760	0
