#truck 1
1 13500 2450 2450 20411 10432 914 9979 12716 32
#pallet
1 1200 800 145 25
#demand 30
1 1 816
2 1 1184
3 2 1286
4 2 714
5 2 1286
6 2 714
7 3 1205
8 3 795
9 3 828
10 4 1172
11 4 1203
12 4 797
13 4 1192
14 4 808
15 5 979
16 5 1021
17 5 791
18 6 1209
19 6 1014
20 6 986
21 7 725
22 8 1275
23 8 1164
24 8 836
25 8 1132
26 8 868
27 9 909
28 9 1091
29 9 1167
30 10 833
#distances 10 10
0	1311	918	987	1240	1531	910	681	861	1044	1479
1311	0	575	361	1127	1508	607	671	686	607	1317
918	575	0	243	644	1040	34	543	112	151	882
987	361	243	0	873	1268	277	437	347	339	1099
1240	1127	644	873	0	397	615	1150	575	538	255
1531	1508	1040	1268	397	0	1010	1535	967	932	206
910	607	34	277	615	1010	0	562	80	143	855
681	671	543	437	1150	1535	562	0	580	692	1400
861	686	112	347	575	967	80	580	0	184	822
1044	607	151	339	538	932	143	692	184	0	760
1479	1317	882	1099	255	206	855	1400	822	760	0
