#truck 1
1 13500 2450 2450 20411 10432 914 9979 12716 32
#pallet
1 1200 800 145 25
#demand 60
1 1 633
2 2 667
3 3 328
4 4 972
5 5 949
6 6 351
7 7 543
8 8 757
9 9 490
10 10 810
11 1 464
12 2 836
13 3 783
14 4 517
15 5 543
16 6 757
17 7 670
18 8 630
19 9 417
20 10 883
21 1 735
22 2 565
23 3 516
24 4 784
25 5 575
26 6 725
27 7 923
28 8 377
29 9 796
30 10 504
31 1 863
32 2 437
33 3 507
34 4 793
35 5 910
36 6 390
37 7 795
38 8 505
39 9 805
40 10 495
41 1 787
42 2 513
43 3 780
44 4 520
45 5 938
46 6 362
47 7 602
48 8 698
49 9 632
50 10 668
51 1 329
52 2 971
53 3 426
54 4 874
55 5 341
56 6 959
57 7 453
58 8 847
59 9 980
60 10 320
#distances 10 10
0	1311	918	987	1240	1531	910	681	861	1044	1479
1311	0	575	361	1127	1508	607	671	686	607	1317
918	575	0	243	644	1040	34	543	112	151	882
987	361	243	0	873	1268	277	437	347	339	1099
1240	1127	644	873	0	397	615	1150	575	538	255
1531	1508	1040	1268	397	0	1010	1535	967	932	206
910	607	34	277	615	1010	0	562	80	143	855
681	671	543	437	1150	1535	562	0	580	692	1400
861	686	112	347	575	967	80	580	0	184	822
1044	607	151	339	538	932	143	692	184	0	760
1479	1317	882	1099	255	206	855	1400	822	760	0
