#truck 1
1 13500 2450 2450 20411 10432 914 9979 12716 32
#pallet
1 1200 800 145 25
#demand 40
1 1 742
2 2 1258
3 3 1018
4 4 982
5 5 1161
6 6 839
7 7 1210
8 8 790
9 9 1107
10 10 893
11 11 966
12 12 1034
13 13 771
14 14 1229
15 15 924
16 1 1076
17 2 1286
18 3 714
19 4 776
20 5 1224
21 6 797
22 7 1203
23 8 1132
24 9 868
25 10 807
26 11 1193
27 12 1146
28 13 854
29 14 1023
30 15 977
31 1 1014
32 2 986
33 3 1152
34 4 848
35 5 975
36 6 1025
37 7 1300
38 8 700
39 9 1222
40 10 778
#distances 15 15
0	1311	918	987	1240	1531	910	681	861	1044	1479	1013	1001	961	1634	697
1311	0	575	361	1127	1508	607	671	686	607	1317	309	556	558	571	641
918	575	0	243	644	1040	34	543	112	151	882	318	86	44	721	271
987	361	243	0	873	1268	277	437	347	339	1099	76	264	245	688	293
1240	1127	644	873	0	397	615	1150	575	538	255	946	610	631	918	854
1531	1508	1040	1268	397	0	1010	1535	967	932	206	1341	1005	1027	1216	1239
910	607	34	277	615	1010	0	562	80	143	855	351	93	59	735	282
681	671	543	437	1150	1535	562	0	580	692	1400	422	616	576	1121	297
861	686	112	347	575	967	80	580	0	184	822	421	162	137	799	286
1044	607	151	339	538	932	143	692	184	0	760	411	80	116	621	421
1479	1317	882	1099	255	206	855	1400	822	760	0	1170	837	863	1011	1104
1013	309	318	76	946	1341	351	422	421	411	1170	0	337	319	701	333
1001	556	86	264	610	1005	93	616	162	80	837	337	0	43	643	354
961	558	44	245	631	1027	59	576	137	116	863	319	43	0	679	311
1634	571	721	688	918	1216	735	1121	799	621	1011	701	643	679	0	949
697	641	271	293	854	1239	282	297	286	421	1104	333	354	311	949	0
