#truck 1
1 13500 2450 2450 20411 10432 914 9979 12716 32
#pallet
1 1200 800 145 25
#demand 60
1 1 725
2 1 1275
3 1 1164
4 1 836
5 1 1132
6 1 868
7 1 909
8 1 1091
9 1 1167
10 1 833
11 1 1014
12 1 986
13 1 854
14 1 1146
15 2 1203
16 2 797
17 2 1121
18 2 879
19 2 849
20 2 1151
21 2 913
22 2 1087
23 2 1198
24 2 802
25 2 1180
26 3 820
27 3 1141
28 3 859
29 3 960
30 3 1040
31 3 1120
32 3 880
33 3 1033
34 3 967
35 4 1248
36 4 752
37 4 989
38 4 1011
39 4 985
40 4 1015
41 4 1247
42 4 753
43 4 768
44 4 1232
45 4 846
46 4 1154
47 4 705
48 4 1295
49 4 818
50 4 1182
51 5 826
52 5 1174
53 5 916
54 5 1084
55 5 1249
56 5 751
57 5 1125
58 5 875
59 5 732
60 5 1268
#distances 5 5
0	1311	918	987	1240	1531
1311	0	575	361	1127	1508
918	575	0	243	644	1040
987	361	243	0	873	1268
1240	1127	644	873	0	397
1531	1508	1040	1268	397	0
