#truck 1
1 13500 2450 2450 20411 10432 914 9979 12716 32
#pallet
1 1200 800 145 25
#demand 90
1 1 497
2 1 803
3 1 797
4 1 503
5 1 707
6 1 593
7 1 974
8 1 326
9 1 531
10 1 769
11 1 636
12 1 664
13 1 968
14 1 332
15 1 382
16 1 918
17 1 976
18 1 324
19 1 834
20 1 466
21 1 600
22 1 700
23 1 395
24 2 905
25 2 370
26 2 930
27 2 648
28 2 652
29 2 771
30 2 529
31 2 750
32 2 550
33 2 882
34 2 418
35 3 877
36 3 423
37 3 924
38 3 376
39 3 318
40 3 982
41 3 388
42 3 912
43 3 964
44 3 336
45 3 351
46 3 949
47 3 785
48 3 515
49 3 665
50 4 635
51 4 648
52 4 652
53 4 785
54 4 515
55 4 565
56 4 735
57 4 952
58 4 348
59 4 695
60 4 605
61 4 340
62 4 960
63 4 930
64 4 370
65 4 726
66 4 574
67 4 731
68 4 569
69 4 699
70 4 601
71 4 302
72 4 998
73 5 835
74 5 465
75 5 988
76 5 312
77 5 548
78 5 752
79 5 316
80 5 984
81 5 806
82 5 494
83 5 456
84 5 844
85 5 359
86 5 941
87 5 864
88 5 436
89 5 912
90 5 388
#distances 5 5
0	1311	918	987	1240	1531
1311	0	575	361	1127	1508
918	575	0	243	644	1040
987	361	243	0	873	1268
1240	1127	644	873	0	397
1531	1508	1040	1268	397	0
