#truck 1
1 13500 2450 2450 20411 10432 914 9979 12716 32
#pallet
1 1200 800 145 25
#demand 90
1 1 362
2 1 938
3 1 793
4 1 507
5 1 387
6 1 913
7 1 546
8 1 754
9 2 983
10 2 317
11 2 954
12 2 346
13 2 459
14 2 841
15 2 838
16 2 462
17 2 798
18 2 502
19 2 889
20 2 411
21 2 785
22 2 515
23 3 772
24 3 528
25 3 642
26 3 658
27 3 478
28 3 822
29 3 646
30 3 654
31 3 407
32 3 893
33 3 821
34 3 479
35 3 641
36 3 659
37 3 725
38 3 575
39 3 511
40 3 789
41 3 593
42 3 707
43 3 730
44 3 570
45 3 916
46 3 384
47 4 407
48 4 893
49 4 717
50 4 583
51 4 581
52 4 719
53 4 931
54 4 369
55 4 813
56 4 487
57 4 943
58 4 357
59 4 781
60 4 519
61 4 939
62 4 361
63 4 363
64 4 937
65 4 894
66 4 406
67 4 419
68 4 881
69 4 358
70 4 942
71 4 928
72 4 372
73 4 421
74 4 879
75 5 928
76 5 332
77 5 588
78 5 712
79 5 306
80 5 954
81 5 806
82 5 434
83 5 426
84 5 874
85 5 389
86 5 961
87 5 844
88 5 426
89 5 932
90 5 378
#distances 5 5
0	1311	918	987	1240	1531
1311	0	575	361	1127	1508
918	575	0	243	644	1040
987	361	243	0	873	1268
1240	1127	644	873	0	397
1531	1508	1040	1268	397	0
