#truck 1
1 13500 2450 2450 20411 10432 914 9979 12716 32
#pallet
1 1200 800 145 25
#demand 40
1 1 880
2 2 1120
3 3 1231
4 4 769
5 5 1111
6 1 889
7 2 1270
8 3 730
9 4 742
10 5 1258
11 1 1164
12 2 836
13 3 873
14 4 1127
15 5 813
16 1 1187
17 2 1135
18 3 865
19 4 790
20 5 1210
21 1 847
22 2 1153
23 3 890
24 4 1110
25 5 1260
26 1 740
27 2 1163
28 3 837
29 4 1051
30 5 949
31 1 1031
32 2 969
33 3 955
34 4 1045
35 5 1000
36 1 1000
37 2 1290
38 3 710
39 4 1114
40 5 886
#distances 5 5
0	1311	918	987	1240	1531
1311	0	575	361	1127	1508
918	575	0	243	644	1040
987	361	243	0	873	1268
1240	1127	644	873	0	397
1531	1508	1040	1268	397	0
