#truck 1
1 13500 2450 2450 20411 10432 914 9979 12716 32
#pallet
1 1200 800 145 25
#demand 20
1 1 1738
2 1 2262
3 1 1790
4 1 2210
5 1 2047
6 2 1953
7 2 1819
8 2 2181
9 2 1766
10 3 2234
11 3 1779
12 3 2221
13 4 2125
14 4 1875
15 4 2156
16 4 1844
17 5 1907
18 5 2093
19 5 1978
20 5 2022
#distances 5 5
0	1311	918	987	1240	1531
1311	0	575	361	1127	1508
918	575	0	243	644	1040
987	361	243	0	873	1268
1240	1127	644	873	0	397
1531	1508	1040	1268	397	0
