#truck 1
1 13500 2450 2450 20411 10432 914 9979 12716 32
#pallet
1 1200 800 145 25
#demand 40
1 1 762
2 2 1238
3 3 1202
4 4 798
5 5 892
6 1 1108
7 2 761
8 3 1239
9 4 822
10 5 1178
11 1 1078
12 2 922
13 3 1124
14 4 876
15 5 1042
16 1 958
17 2 812
18 3 1188
19 4 835
20 5 1165
21 1 1189
22 2 811
23 3 1133
24 4 867
25 5 1130
26 1 870
27 2 1213
28 3 787
29 4 975
30 5 1025
31 1 1101
32 2 899
33 3 868
34 4 1132
35 5 1196
36 1 804
37 2 796
38 3 1204
39 4 765
40 5 1235
#distances 5 5
0	1311	918	987	1240	1531
1311	0	575	361	1127	1508
918	575	0	243	644	1040
987	361	243	0	873	1268
1240	1127	644	873	0	397
1531	1508	1040	1268	397	0
