#truck 1
1 13500 2450 2450 20411 10432 914 9979 12716 32
#pallet
1 1200 800 145 25
#demand 40
1 1 248
2 2 1752
3 3 418
4 4 1582
5 5 1611
6 1 389
7 2 711
8 3 1289
9 4 194
10 5 1806
11 1 715
12 2 1285
13 3 484
14 4 1516
15 5 1369
16 1 631
17 2 1607
18 3 393
19 4 749
20 5 1251
21 1 737
22 2 1263
23 3 842
24 4 1158
25 5 844
26 1 1156
27 2 956
28 3 1044
29 4 1197
30 5 803
31 1 174
32 2 1826
33 3 927
34 4 1073
35 5 1795
36 1 205
37 2 594
38 3 1406
39 4 1860
40 5 140
#distances 5 5
0	1311	918	987	1240	1531
1311	0	575	361	1127	1508
918	575	0	243	644	1040
987	361	243	0	873	1268
1240	1127	644	873	0	397
1531	1508	1040	1268	397	0
