#truck 1
1 13500 2450 2450 20411 10432 914 9979 12716 32
#pallet
1 1200 800 145 25
#demand 40
1 1 866
2 2 1134
3 3 701
4 4 1299
5 5 1083
6 1 917
7 2 789
8 3 1211
9 4 889
10 5 1111
11 1 1058
12 2 942
13 3 1249
14 4 751
15 5 1218
16 1 782
17 2 759
18 3 1241
19 4 1106
20 5 894
21 1 733
22 2 1267
23 3 834
24 4 1166
25 5 1279
26 1 721
27 2 985
28 3 1015
29 4 743
30 5 1257
31 1 844
32 2 1156
33 3 1122
34 4 878
35 5 1246
36 1 754
37 2 995
38 3 1005
39 4 1259
40 5 741
#distances 5 5
0	1311	918	987	1240	1531
1311	0	575	361	1127	1508
918	575	0	243	644	1040
987	361	243	0	873	1268
1240	1127	644	873	0	397
1531	1508	1040	1268	397	0
