#truck 1
1 13500 2450 2450 20411 10432 914 9979 12716 32
#pallet
1 1200 800 145 25
#demand 40
1 1 826
2 1 1174
3 1 916
4 1 1084
5 1 1249
6 1 751
7 1 1125
8 1 875
9 1 732
10 1 1268
11 1 1005
12 2 995
13 2 1249
14 2 751
15 2 813
16 2 1187
17 2 788
18 2 1212
19 3 843
20 3 1157
21 3 1125
22 3 875
23 3 1156
24 3 844
25 3 841
26 4 1159
27 4 1278
28 4 722
29 4 1219
30 4 781
31 4 1132
32 4 868
33 4 967
34 4 1033
35 4 807
36 5 1193
37 5 866
38 5 1134
39 5 1221
40 5 779
#distances 5 5
0	1311	918	987	1240	1531
1311	0	575	361	1127	1508
918	575	0	243	644	1040
987	361	243	0	873	1268
1240	1127	644	873	0	397
1531	1508	1040	1268	397	0
